0.5295999999999998
0.5362
0.5521999999999999
0.624
0.6674000000000001
0.31520000000000004
0.5366
0.6086000000000001
0.6066000000000001
0.3002000000000001
0.3948000000000002
0.5007999999999999
0.5154
0.4012000000000001
0.5061999999999999
0.4850000000000001
0.5655999999999998
0.6225999999999999
0.3620000000000001
0.4628
0.5156
0.46719999999999984
0.5117999999999999
0.5458000000000001
0.5763999999999999
0.6200000000000001
0.3576
0.5330000000000001
0.38380000000000014
0.5333999999999999
0.5646
0.37920000000000004
0.4596000000000002
0.5216
0.4541999999999999
0.47379999999999983
0.5325999999999999
0.5748000000000001
0.38180000000000014
0.45820000000000016
0.4629999999999999
0.5198
0.4295999999999999
0.5008
0.5014
0.48900000000000005
0.49100000000000016
0.4284000000000001
0.4991999999999999
0.4612
0.4678000000000002
0.4664000000000002
0.5476
0.5681999999999998
0.34519999999999995
0.5892000000000003
0.44200000000000017
0.4826
0.558
0.6287999999999999
0.6781999999999998
0.7354000000000002
0.8118000000000001
0.9065999999999999
0.9585999999999999
0.29220000000000007
0.34720000000000006
0.3635999999999999
0.3845999999999998
0.3843999999999999
0.7393999999999998
0.8356
0.9401999999999999
0.9690000000000001
0.9998
1.0
1.0
0.3282
0.9924
1.0
1.0
1.0
1.0
1.0
0.31499999999999995
0.3190000000000001
0.9917999999999998
0.32360000000000005
0.3248
0.9930000000000001
0.9998
0.33520000000000005
0.9899999999999991
0.32459999999999994
0.9919999999999999
0.3316000000000001
0.3336
0.9948000000000001
1.0
1.0
1.0
0.3280000000000001
0.9921999999999997
0.3118
0.3364000000000001
0.9505999999999996
0.9808
0.32860000000000006
0.9873999999999999
0.3378
0.9848
0.9836
0.9894000000000002
0.9678
0.9845999999999999
0.9726
0.9992
0.9714000000000002
0.3132
0.9457999999999998
0.9732000000000002
0.3817999999999999
0.38999999999999974
0.39460000000000006
0.4014
0.9113999999999999
0.9231999999999999
0.9276000000000001
0.9477999999999999
0.4056
0.4016000000000001
0.4164000000000001
0.9211999999999998
0.9431999999999998
0.9545999999999998
0.9266000000000001
0.40600000000000014
0.9905999999999999
0.988
0.9912000000000001
0.996
0.997
0.9908000000000001
0.4034000000000002
0.992
0.9878
0.99
0.4118000000000002
0.4106000000000002
0.9463999999999995
0.9944
0.4197999999999999
0.9800000000000001
1.0
1.0
0.9892
0.4072000000000003
0.41120000000000007
0.4164000000000001
0.41200000000000003
0.9155999999999996
0.42179999999999995
0.9693999999999999
0.9912000000000001
0.41460000000000014
0.4149999999999999
0.4128
0.4192
0.9929999999999999
0.4172
0.9938000000000001
1.0
1.0
0.42039999999999994
0.4339999999999998
0.4222000000000001
0.9924000000000001
1.0
0.41180000000000017
0.39780000000000015
0.41460000000000025
0.9825999999999996
1.0
0.9995999999999999
0.41620000000000007
0.41740000000000016
0.41300000000000003
0.9948
0.4076000000000002
0.4144
0.41359999999999997
0.42539999999999983
0.9697999999999997
0.9812000000000001
0.9922
0.9808
0.99
0.9897999999999999
0.38279999999999986
0.3863999999999998
0.3789999999999999
0.39659999999999995
0.9907999999999995
1.0
0.9998
0.39799999999999996
0.41300000000000003
0.9279999999999997
0.41040000000000004
0.9255999999999993
0.941
0.9738
0.4226
0.9819999999999993
1.0
0.41620000000000007
0.9927999999999999
0.42280000000000006
0.9872000000000001
0.9874
0.9906
0.41280000000000006
0.9585999999999999
0.9638000000000001
1.0
0.9926
0.9924
0.39100000000000007
0.9579999999999994
0.9894
0.3994
0.9944000000000002
0.41080000000000005
0.4182
0.9893999999999998
1.0
0.4122000000000001
0.4202
0.41140000000000015
0.9513999999999995
0.9748
0.4173999999999999
0.9475999999999994
0.9674
0.9852000000000001
1.0
1.0
1.0
1.0
0.4249999999999997
0.4257999999999998
0.9913999999999998
1.0
1.0
1.0
0.42919999999999986
0.9925999999999999
0.42040000000000005
0.9921999999999995
0.41859999999999997
0.43499999999999955
0.9924
0.42539999999999994
0.9913999999999994
0.4223999999999999
0.43179999999999963
0.9855999999999996
0.4267999999999999
0.42919999999999986
0.9910000000000001
1.0
0.4172
0.9783999999999993
0.4323999999999998
0.43399999999999994
0.9891999999999994
1.0
0.4299999999999999
0.9901999999999993
1.0
1.0
0.9936
0.993
1.0
0.40120000000000006
0.4012000000000001
0.42199999999999993
0.42679999999999985
0.4185999999999998
0.9917999999999997
1.0
0.4263999999999999
0.4299999999999999
0.42859999999999976
0.9673999999999998
0.42460000000000003
0.4359999999999999
0.43559999999999965
0.43699999999999983
0.8803999999999995
0.43439999999999995
0.4347999999999999
0.9091999999999999
0.4297999999999999
0.4317999999999998
0.9063999999999995
0.4256
0.41919999999999996
0.4273999999999999
0.8429999999999999
0.9198000000000001
0.41700000000000004
0.43179999999999985
0.8830000000000002
0.9238
0.9444
0.4297999999999999
0.4355999999999998
0.9231999999999995
0.42859999999999987
0.9085999999999999
0.9902
0.4168000000000002
0.41879999999999995
0.9867999999999997
0.9937999999999999
0.41259999999999997
0.9753999999999998
1.0
0.39880000000000015
0.9723999999999999
0.9712000000000001
0.4016
0.9770000000000002
0.9695999999999999
0.9691999999999998
0.976
0.9839999999999999
0.9664
0.41539999999999994
0.41480000000000017
0.4181999999999999
0.954
0.41479999999999995
0.9477999999999995
0.4102000000000001
0.40400000000000014
0.41919999999999996
0.4187999999999999
0.9189999999999996
0.4020000000000001
0.9571999999999997
0.9841999999999999
0.40700000000000003
0.9885999999999998
0.9952
0.9912000000000001
0.9753999999999999
0.41999999999999993
0.4279999999999999
0.9687999999999992
1.0
0.4222000000000001
0.9879999999999994
1.0
0.43799999999999983
0.43079999999999985
0.9915999999999996
0.4200000000000001
0.4269999999999998
0.9877999999999996
0.42340000000000005
0.42179999999999995
0.4299999999999999
0.4198000000000001
0.4337999999999999
0.9867999999999992
1.0
1.0
1.0
1.0
1.0
1.0
0.4249999999999999
0.4211999999999999
0.9892
1.0
1.0
1.0
1.0
0.42719999999999986
0.4224000000000001
0.41879999999999995
0.4197999999999999
0.9879999999999991
0.41900000000000004
0.9899999999999999
0.41200000000000014
0.9966000000000003
1.0
1.0
0.4255999999999998
0.9891999999999993
0.4200000000000001
0.42700000000000005
0.4295999999999998
0.4196000000000001
0.4269999999999998
0.43419999999999975
0.42839999999999984
0.9923999999999998
0.4261999999999999
0.4257999999999999
0.9899999999999998
1.0
0.42999999999999977
0.9922000000000001
0.4293999999999998
0.43119999999999975
0.9883999999999993
0.4279999999999999
0.43079999999999985
0.9915999999999999
1.0
0.4293999999999999
0.42899999999999994
0.4273999999999998
0.4281999999999998
0.42279999999999984
0.42280000000000006
0.4379999999999998
0.9926
0.4266
0.9923999999999996
1.0
1.0
1.0
0.42279999999999995
0.9905999999999997
1.0
0.42919999999999986
0.9921999999999999
1.0
1.0
1.0
1.0
0.4186000000000001
0.9887999999999992
1.0
1.0
0.42339999999999994
0.434
0.4287999999999999
0.9922
0.42459999999999987
0.9902000000000001
1.0
0.42519999999999997
0.9897999999999995
1.0
0.42899999999999977
0.9883999999999993
0.4200000000000001
0.9899999999999999
0.4251999999999999
0.4158
0.9925999999999998
1.0
1.0
0.9922
0.4262
0.41800000000000004
0.43499999999999994
0.417
0.9865999999999999
0.4182
0.42119999999999974
0.9889999999999998
1.0
0.4170000000000001
0.9889999999999992
0.42399999999999993
0.9849999999999995
1.0
0.41480000000000006
0.4194
0.9933999999999997
1.0
0.42259999999999986
0.42719999999999986
0.9651999999999993
0.9904000000000001
0.4110000000000001
0.9909999999999992
1.0
1.0
1.0
0.4138000000000001
0.9889999999999993
0.40739999999999993
