19
20
24
22
19
17
21
20
19
11
19
26
22
20
26
21
15
17
14
22
24
19
23
24
19
19
14
17
20
21
25
16
20
30
24
21
22
23
16
25
22
19
17
14
21
17
13
19
20
25
20
27
25
19
17
21
23
23
19
16
9
14
12
9
3
23
17
27
22
13
19
9
3
1
1
0
0
23
13
0
0
0
0
0
17
17
19
21
18
20
1
21
23
19
21
22
16
16
0
0
0
23
20
25
20
20
0
30
17
10
19
2
0
0
3
1
3
2
16
14
5
24
17
21
20
18
3
7
5
18
18
18
18
2
5
4
20
16
2
1
1
1
0
22
21
1
2
23
25
24
3
20
22
0
0
1
25
21
16
23
20
25
15
0
32
23
18
22
19
28
17
0
0
15
23
20
15
0
25
20
20
22
0
1
23
20
25
12
23
25
24
24
22
1
0
0
1
2
19
21
18
21
24
0
1
25
20
22
29
23
5
1
24
26
0
23
21
25
19
1
0
22
21
2
0
2
0
24
25
1
23
16
19
22
24
0
20
20
19
24
0
22
28
2
1
0
0
0
0
25
14
17
0
0
0
27
22
22
21
24
21
19
27
27
24
25
20
29
21
17
0
24
23
24
21
24
0
27
25
0
0
1
0
0
25
24
29
18
19
24
0
23
21
21
19
18
23
23
20
28
26
20
26
26
25
22
26
27
24
15
3
25
25
30
3
7
25
21
29
26
27
1
21
29
25
1
31
22
0
27
14
2
24
19
1
3
0
2
3
20
20
17
19
17
24
19
20
14
21
24
21
17
2
23
20
0
1
1
21
23
21
0
21
26
0
22
21
24
28
19
23
19
25
27
20
23
25
0
0
0
0
0
0
22
24
18
0
0
0
0
22
26
16
20
30
27
25
31
13
0
0
23
28
30
24
23
26
23
17
25
19
22
21
19
0
27
18
24
23
25
27
23
19
0
24
22
24
24
20
21
22
14
24
16
0
0
0
20
20
0
28
19
0
0
0
0
27
25
0
0
22
27
18
19
25
20
0
25
21
0
21
25
25
20
22
24
20
0
0
0
20
16
21
23
12
25
19
22
0
25
27
23
21
0
20
17
15
0
22
20
25
1
23
26
0
0
0
23
23
19
