30
26
21
18
17
33
27
23
21
39
31
22
25
30
24
29
30
22
36
27
22
31
27
23
25
19
35
29
30
27
20
34
30
19
26
29
26
22
34
25
28
27
33
36
28
32
35
31
30
25
30
23
22
25
33
23
27
27
28
21
25
13
9
4
3
27
33
23
28
37
18
9
3
2
0
0
0
27
0
0
0
0
0
0
33
33
0
29
32
0
0
29
0
31
0
28
34
0
0
0
0
27
0
25
30
2
3
20
0
40
1
1
2
5
0
3
0
3
34
5
1
26
33
29
30
6
8
4
3
32
32
32
6
7
5
5
30
0
0
1
0
0
2
28
0
3
1
27
25
5
0
30
1
0
0
0
25
29
34
27
4
25
3
1
18
27
32
28
0
22
0
0
0
35
27
30
1
0
25
30
30
0
0
0
27
30
25
0
27
25
26
26
2
1
1
2
0
0
31
29
32
29
0
0
0
25
30
4
21
5
1
3
26
1
0
27
0
25
1
1
1
28
1
2
0
0
1
26
2
1
27
0
31
28
0
0
30
30
31
2
3
28
2
2
2
0
0
0
0
25
36
0
0
0
0
23
0
28
0
26
29
0
23
0
26
25
1
21
29
0
0
26
1
26
29
0
0
23
0
0
0
0
1
0
25
26
21
32
31
0
0
27
29
29
2
32
27
27
30
5
24
30
6
24
25
7
24
23
26
13
7
25
25
9
6
2
25
29
4
24
4
0
29
21
0
0
19
1
0
23
0
2
26
1
4
3
4
2
2
30
30
33
3
33
3
31
30
36
29
6
29
5
2
27
0
1
1
4
29
27
3
0
29
0
0
28
29
0
22
31
0
31
25
23
30
27
0
0
0
0
0
0
0
28
26
0
0
0
0
0
28
24
34
30
0
23
0
19
0
0
0
27
0
20
26
27
24
27
33
25
0
28
29
0
0
23
0
26
27
0
23
27
0
0
26
28
26
26
30
29
28
0
26
0
0
0
0
30
0
0
22
0
0
0
0
0
23
0
0
0
28
23
32
0
25
0
0
25
0
0
29
0
25
0
28
26
0
0
0
1
30
34
29
27
1
25
31
0
0
25
0
27
0
0
30
33
0
0
28
30
2
0
27
0
0
0
0
27
0
31
