0.68
0.59
0.96
0.94
0.98
1.0
0.79
0.83
0.63
0.75
0.63
0.97
1.0
0.92
0.63
0.96
0.99
0.66
1.0
1.0
1.0
0.74
0.74
0.75
1.0
0.98
1.0
1.0
0.99
1.0
1.0
1.0
0.99
1.0
1.0
1.0
1.0
1.0
0.61
0.99
1.0
1.0
0.98
0.98
1.0
1.0
1.0
1.0
1.0
1.0
1.0
1.0
1.0
1.0
1.0
1.0
1.0
1.0
1.0
1.0
1.0
1.0
1.0
1.0
1.0
1.0
1.0
0.99
1.0
1.0
1.0
1.0
1.0
1.0
1.0
1.0
1.0
1.0
1.0
0.99
1.0
1.0
1.0
1.0
1.0
1.0
1.0
1.0
1.0
0.97
0.99
1.0
1.0
0.99
0.61
1.0
1.0
1.0
1.0
1.0
1.0
1.0
1.0
1.0
0.98
0.99
1.0
0.65
1.0
1.0
1.0
1.0
1.0
1.0
1.0
1.0
1.0
1.0
1.0
0.58
0.6
0.63
0.64
0.61
0.63
0.99
1.0
0.63
0.65
0.61
0.63
0.66
0.99
0.61
0.64
0.62
0.62
0.6
0.61
0.64
0.99
0.61
0.6
0.65
0.6
0.61
0.62
0.66
0.62
0.68
0.65
0.62
0.6
0.64
0.99
0.65
0.61
0.61
0.63
0.6
0.63
0.61
0.6
0.66
0.61
0.64
0.61
0.59
0.61
0.64
0.6
0.65
1.0
0.99
0.62
0.99
0.62
0.63
0.62
0.65
0.63
1.0
0.61
1.0
0.99
0.66
0.62
0.6
0.61
0.64
0.67
0.63
0.98
1.0
0.64
0.65
0.63
0.64
0.61
0.63
0.99
1.0
1.0
0.64
0.99
1.0
1.0
0.61
1.0
0.64
0.6
0.99
0.61
0.65
0.62
0.6
0.99
1.0
0.62
0.6
0.61
0.62
0.61
0.64
0.67
0.64
0.62
0.61
0.65
0.59
0.64
0.61
0.62
0.99
0.99
0.61
0.63
0.62
0.65
1.0
0.61
0.99
0.63
0.63
0.66
0.64
0.61
0.61
0.65
0.6
0.62
0.62
0.62
0.62
0.62
0.67
0.61
0.8
0.66
0.64
0.62
0.61
0.62
0.62
0.61
0.66
0.65
0.62
0.6
0.63
0.62
0.99
1.0
0.62
1.0
1.0
1.0
1.0
0.63
0.63
0.61
0.99
0.99
0.99
1.0
0.99
0.99
1.0
1.0
1.0
0.67
0.98
1.0
1.0
1.0
0.63
1.0
0.62
1.0
0.62
0.63
0.99
1.0
1.0
1.0
1.0
1.0
0.61
1.0
1.0
0.63
0.64
1.0
0.62
0.63
0.66
0.62
0.62
0.59
0.64
0.61
0.63
0.6
0.61
0.64
0.62
0.73
0.61
0.65
0.65
1.0
0.6
0.64
0.66
0.61
0.63
0.63
0.61
0.65
0.61
0.62
0.61
0.63
0.62
0.6
0.6
0.65
0.63
0.63
0.62
0.6
0.62
0.58
0.64
0.63
0.62
0.64
0.66
0.61
0.6
0.61
0.63
0.6
0.63
0.6
0.59
0.61
0.99
0.66
0.99
0.64
0.62
0.64
0.6
0.64
0.63
0.6
0.65
0.62
1.0
0.99
1.0
0.63
0.68
0.64
0.99
1.0
1.0
0.61
0.62
0.65
0.64
0.63
0.63
0.63
0.6
0.69
0.64
0.63
0.64
0.61
0.62
0.62
1.0
0.62
0.63
0.65
0.6
0.64
0.63
0.64
0.59
0.64
0.61
0.62
0.67
0.67
0.63
0.61
0.66
0.64
0.61
0.64
0.62
0.6
0.63
0.68
0.65
1.0
1.0
1.0
1.0
1.0
0.57
0.64
1.0
0.99
1.0
0.6
0.99
0.62
0.62
1.0
0.61
0.61
0.63
0.6
0.62
0.62
0.66
0.63
0.99
0.59
0.63
0.64
0.99
1.0
1.0
0.66
0.63
0.61
0.64
0.64
0.68
0.99
1.0
1.0
0.66
0.66
0.99
1.0
1.0
0.61
0.63
0.99
1.0
1.0
0.66
0.61
0.61
1.0
0.61
1.0
1.0
0.61
1.0
1.0
0.62
0.65
1.0
1.0
0.65
1.0
1.0
1.0
0.58
0.63
0.62
0.64
1.0
