0.03
0.38
0.38
0.35
0.06
0.12
0.0
0.08
0.15
0.02
0.16
0.0
0.0
0.0
0.01
0.06
0.01
0.0
0.3
0.0
0.05
0.0
0.0
0.0
0.15
0.29
0.0
0.02
0.0
0.01
0.01
0.01
0.0
0.01
0.0
0.0
0.0
0.0
0.0
0.1
0.06
0.02
0.0
0.0
0.0
0.0
0.0
0.0
0.0
0.01
0.0
0.0
0.0
0.0
0.0
0.0
0.0
0.0
0.0
0.0
0.0
0.0
0.0
0.0
0.0
0.0
0.0
0.0
0.01
0.0
0.0
0.0
0.0
0.0
0.0
0.0
0.0
0.0
0.0
0.0
0.0
0.0
0.0
0.0
0.0
0.01
0.0
0.01
0.01
0.0
0.0
0.0
0.0
0.0
0.0
0.0
0.0
0.0
0.0
0.0
0.01
0.0
0.0
0.0
0.0
0.0
0.0
0.0
0.0
0.0
0.0
0.0
0.0
0.35
0.37
0.0
0.4
0.01
0.44
0.0
0.0
0.0
0.0
0.0
0.0
0.36
0.35
0.0
0.37
0.01
0.39
0.01
0.36
0.0
0.38
0.41
0.02
0.37
0.37
0.39
0.38
0.0
0.37
0.35
0.41
0.4
0.36
0.35
0.39
0.0
0.36
0.4
0.34
0.37
0.4
0.0
0.01
0.42
0.37
0.0
0.0
0.36
0.01
0.37
0.4
0.33
0.33
0.34
0.39
0.37
0.36
0.36
0.38
0.38
0.0
0.35
0.01
0.4
0.32
0.01
0.39
0.37
0.01
0.38
0.39
0.0
0.37
0.26
0.34
0.39
0.01
0.33
0.33
0.35
0.0
0.01
0.36
0.4
0.38
0.36
0.39
0.41
0.4
0.0
0.4
0.4
0.36
0.0
0.4
0.0
0.0
0.39
0.0
0.4
0.36
0.35
0.34
0.36
0.0
0.01
0.36
0.33
0.37
0.38
0.39
0.38
0.38
0.38
0.41
0.38
0.32
0.37
0.37
0.38
0.39
0.0
0.0
0.39
0.37
0.38
0.0
0.36
0.01
0.38
0.37
0.02
0.38
0.36
0.37
0.36
0.39
0.38
0.41
0.37
0.37
0.34
0.38
0.39
0.35
0.39
0.01
0.38
0.0
0.35
0.37
0.13
0.4
0.04
0.33
0.37
0.35
0.36
0.36
0.0
0.3
0.14
0.36
0.37
0.0
0.0
0.38
0.33
0.01
0.01
0.4
0.01
0.36
0.39
0.02
0.36
0.0
0.0
0.01
0.0
0.38
0.0
0.38
0.0
0.38
0.0
0.38
0.37
0.39
0.38
0.31
0.4
0.41
0.0
0.37
0.38
0.0
0.0
0.41
0.0
0.38
0.0
0.39
0.36
0.38
0.38
0.36
0.39
0.37
0.4
0.41
0.32
0.4
0.42
0.4
0.41
0.37
0.0
0.0
0.38
0.35
0.39
0.38
0.36
0.38
0.01
0.39
0.38
0.34
0.39
0.4
0.36
0.41
0.3
0.34
0.41
0.34
0.39
0.36
0.36
0.38
0.38
0.0
0.36
0.4
0.39
0.38
0.38
0.4
0.38
0.38
0.38
0.36
0.34
0.0
0.37
0.01
0.38
0.37
0.36
0.37
0.39
0.39
0.38
0.38
0.35
0.38
0.39
0.0
0.0
0.0
0.39
0.39
0.37
0.0
0.01
0.38
0.4
0.36
0.01
0.4
0.39
0.37
0.36
0.36
0.38
0.38
0.0
0.39
0.35
0.0
0.01
0.0
0.38
0.4
0.37
0.39
0.4
0.38
0.41
0.39
0.39
0.38
0.38
0.4
0.37
0.0
0.35
0.35
0.39
0.4
0.38
0.38
0.36
0.38
0.36
0.37
0.37
0.4
0.0
0.0
0.39
0.35
0.35
0.0
0.37
0.0
0.36
0.4
0.0
0.36
0.37
0.39
0.34
0.0
0.01
0.36
0.34
0.0
0.0
0.0
0.4
0.37
0.39
0.0
0.01
0.01
0.0
0.0
0.0
0.01
0.35
0.4
0.0
0.0
0.41
0.38
0.35
0.0
0.0
0.38
0.39
0.39
0.0
0.0
0.0
0.35
0.0
0.35
0.4
0.0
0.41
0.4
0.0
0.0
0.4
0.41
0.0
0.35
0.41
0.37
0.0
0.0
0.0
0.02
0.33
