48
60
55
53
53
58
59
64
63
69
60
58
63
70
74
76
68
60
67
64
68
76
77
79
82
82
88
87
87
90
89
88
89
85
85
91
88
85
90
89
90
91
95
97
98
97
98
95
96
93
89
93
90
85
92
90
90
88
90
86
84
88
88
90
91
92
96
97
97
95
94
97
98
99
96
94
92
87
90
87
87
88
94
94
96
96
98
98
100
99
99
100
100
99
100
100
99
98
96
93
91
93
95
98
97
98
97
99
99
100
100
100
99
99
98
97
97
98
98
99
93
98
98
97
98
97
96
99
100
100
100
100
100
100
100
100
99
98
98
98
98
100
100
99
98
96
99
99
99
99
99
98
99
99
98
98
99
100
100
99
99
99
99
99
96
98
100
98
98
98
97
98
98
94
95
98
99
98
99
99
100
99
99
100
99
98
98
98
98
98
100
100
99
100
100
99
98
98
97
100
99
99
98
99
100
99
96
96
99
100
100
98
99
98
99
100
99
99
98
95
98
96
96
98
97
98
98
100
99
100
100
99
100
99
97
98
100
100
100
99
99
98
99
99
98
99
100
100
98
100
99
98
99
100
99
99
99
95
97
95
94
98
96
100
98
100
99
96
93
92
94
95
96
97
97
100
100
100
99
98
99
99
99
99
99
98
94
93
94
93
97
98
100
99
99
100
98
97
99
100
96
99
100
100
100
99
98
100
100
100
100
100
100
100
99
99
98
99
99
99
100
100
99
99
99
99
100
99
97
97
98
99
100
98
99
100
99
99
100
100
98
94
100
100
100
99
100
100
100
100
99
99
98
98
100
100
100
98
98
96
98
98
99
96
100
95
96
99
99
96
98
99
99
98
95
97
95
95
95
98
100
97
94
95
94
92
96
94
97
97
96
98
98
99
99
98
96
90
84
90
92
96
92
96
97
95
92
91
95
88
94
95
93
94
92
91
92
95
88
87
89
94
95
92
94
90
82
93
92
92
89
86
82
84
89
94
97
95
95
95
95
97
96
97
94
97
97
94
91
95
94
90
94
90
91
90
93
95
91
91
90
86
80
83
85
86
88
87
91
94
96
93
97
96
92
91
92
92
89
94
92
88
85
88
94
93
90
85
84
90
92
92
94
85
94
96
93
90
95
98
