52
40
45
47
47
42
41
36
37
31
40
42
37
30
26
24
32
40
33
36
32
24
23
21
18
18
12
13
13
10
11
12
11
15
15
9
12
15
10
11
10
9
5
3
2
3
2
5
4
7
11
7
10
15
8
10
10
12
10
14
16
12
12
10
9
8
4
3
3
5
6
3
2
1
4
6
8
13
10
13
13
12
6
6
4
4
2
2
0
1
1
0
0
1
0
0
1
2
4
7
9
7
5
2
3
2
3
1
1
0
0
0
1
1
2
3
3
2
2
1
7
2
2
3
2
3
4
1
0
0
0
0
0
0
0
0
1
2
2
2
2
0
0
1
2
4
1
1
1
1
1
2
1
1
2
2
1
0
0
1
1
1
1
1
4
2
0
2
2
2
3
2
2
6
5
2
1
2
1
1
0
1
1
0
1
2
2
2
2
2
0
0
1
0
0
1
2
2
3
0
1
1
2
1
0
1
4
4
1
0
0
2
1
2
1
0
1
1
2
5
2
4
4
2
3
2
2
0
1
0
0
1
0
1
3
2
0
0
0
1
1
2
1
1
2
1
0
0
2
0
1
2
1
0
1
1
1
5
3
5
6
2
4
0
2
0
1
4
7
8
6
5
4
3
3
0
0
0
1
2
1
1
1
1
1
2
6
7
6
7
3
2
0
1
1
0
2
3
1
0
4
1
0
0
0
1
2
0
0
0
0
0
0
0
1
1
2
1
1
1
0
0
1
1
1
1
0
1
3
3
2
1
0
2
1
0
1
1
0
0
2
6
0
0
0
1
0
0
0
0
1
1
2
2
0
0
0
2
2
4
2
2
1
4
0
5
4
1
1
4
2
1
1
2
5
3
5
5
5
2
0
3
6
5
6
8
4
6
3
3
4
2
2
1
1
2
4
10
16
10
8
4
8
4
3
5
8
9
5
12
6
5
7
6
8
9
8
5
12
13
11
6
5
8
6
10
18
7
8
8
11
14
18
16
11
6
3
5
5
5
5
3
4
3
6
3
3
6
9
5
6
10
6
10
9
10
7
5
9
9
10
14
20
17
15
14
12
13
9
6
4
7
3
4
8
9
8
8
11
6
8
12
15
12
6
7
10
15
16
10
8
8
6
15
6
4
7
10
5
2
