1.55
1.55
1.54
1.49
1.42
1.48
1.56
1.68
1.6
1.53
1.54
1.55
1.57
1.56
1.7
1.68
1.46
1.43
1.33
1.33
1.33
1.33
1.2
0.99
0.81
0.75
0.88
0.87
0.76
0.75
0.69
0.62
0.55
0.39
0.37
0.33
0.32
0.34
0.31
0.24
0.17
0.24
0.3
0.35
0.44
0.41
0.32
0.25
0.32
0.28
0.31
0.26
0.28
0.32
0.34
0.17
0.15
0.24
0.23
0.17
0.11
0.15
0.16
0.25
0.33
0.22
0.26
0.22
0.23
0.35
0.27
0.32
0.34
0.38
0.3
0.44
0.38
0.33
0.27
0.29
0.23
0.19
0.18
0.21
0.22
0.22
0.16
0.11
0.15
0.15
0.11
0.13
0.22
0.18
0.13
0.14
0.15
0.19
0.16
0.15
0.13
0.11
0.16
0.14
0.18
0.13
0.1
0.15
0.17
0.15
0.16
0.19
0.15
0.15
0.17
0.11
0.05
0.07
0.12
0.13
0.21
0.16
0.13
0.22
0.16
0.15
0.14
0.13
0.16
0.18
0.2
0.17
0.2
0.21
0.24
0.24
0.25
0.19
0.18
0.22
0.17
0.18
0.14
0.12
0.12
0.08
0.05
0.09
0.1
0.16
0.15
0.17
0.18
0.2
0.15
0.19
0.23
0.16
0.22
0.26
0.23
0.23
0.26
0.14
0.14
0.15
0.16
0.13
0.13
0.07
0.06
0.09
0.13
0.16
0.16
0.16
0.13
0.14
0.18
0.18
0.28
0.25
0.19
0.11
0.11
0.14
0.12
0.22
0.15
0.1
0.06
0.09
0.12
0.09
0.11
0.18
0.21
0.17
0.13
0.12
0.1
0.07
0.07
0.09
0.12
0.19
0.08
0.02
0.06
0.09
0.06
0.05
0.09
0.11
0.15
0.11
0.09
0.13
0.13
0.16
0.08
0.12
0.12
0.16
0.22
0.21
0.12
0.16
0.15
0.09
0.12
0.14
0.22
0.16
0.15
0.12
0.12
0.15
0.15
0.14
0.19
0.15
0.18
0.13
0.21
0.13
0.09
0.1
0.09
0.16
0.14
0.22
0.21
0.31
0.26
0.29
0.19
0.14
0.19
0.2
0.23
0.27
0.26
0.2
0.21
0.19
0.24
0.33
0.38
0.3
0.24
0.25
0.22
0.19
0.16
0.22
0.15
0.21
0.2
0.22
0.16
0.3
0.39
0.35
0.32
0.36
0.4
0.39
0.37
0.42
0.4
0.4
0.29
0.34
0.33
0.3
0.36
0.4
0.42
0.36
0.26
0.23
0.31
0.44
0.41
0.48
0.38
0.41
0.41
0.45
0.44
0.46
0.48
0.57
0.56
0.54
0.42
0.41
0.49
0.33
0.24
0.15
0.24
0.27
0.23
0.18
0.15
0.22
0.15
0.14
0.18
0.13
0.08
0.1
0.13
0.19
0.19
0.14
0.17
0.19
0.17
0.19
0.23
0.18
0.24
0.26
0.25
0.25
0.2
0.24
0.22
0.19
0.09
0.13
0.17
0.14
0.11
0.14
0.11
0.07
0.14
0.12
0.13
0.11
0.05
0.07
0.07
0.13
0.13
0.13
0.15
0.11
0.1
0.18
0.17
0.14
0.12
0.13
0.15
0.14
0.17
0.19
0.13
0.14
0.19
0.21
0.17
0.14
0.06
0.1
0.1
0.18
0.14
0.13
0.15
0.18
0.16
0.25
0.26
0.26
0.25
0.19
0.1
0.07
0.08
0.09
0.11
0.1
0.16
0.14
0.07
0.03
0.1
0.16
0.15
0.12
0.14
0.23
0.21
0.29
0.19
0.19
0.15
0.08
0.11
0.06
0.1
0.12
0.12
0.16
0.19
0.14
0.2
0.26
0.2
0.25
0.21
0.2
0.21
0.13
0.12
0.12
0.17
0.1
0.07
0.07
0.05
0.1
0.05
0.1
0.1
0.12
0.16
0.13
0.23
0.17
0.21
0.17
0.21
0.23
0.23
0.21
0.13
0.17
0.11
0.12
0.19
0.19
0.26
0.27
0.17
0.17
0.1
0.07
0.1
0.11
0.14
0.1
0.1
0.11
0.15
0.13
0.16
0.18
0.14
0.17
0.14
0.1
0.24
0.3
0.22
0.2
0.2
0.24
0.26
0.2
0.22
0.23
0.16
0.27
