8.0
8.05
8.14
8.11
8.08
8.05
8.11
8.18
8.27
8.26
8.3
8.37
8.45
8.55
8.84
8.76
8.47
8.5
8.43
8.38
8.38
8.31
8.16
8.07
7.96
7.82
8.03
8.21
8.23
8.26
8.34
8.23
8.04
7.98
7.95
7.94
7.96
8.02
8.1
8.0
7.87
7.93
7.91
8.03
8.26
8.26
8.11
8.13
8.18
8.08
8.19
8.06
8.21
8.12
7.99
7.94
7.95
8.06
8.05
8.08
8.07
7.99
8.0
8.15
8.27
8.18
8.23
8.26
8.35
8.4
8.29
8.28
8.2
8.31
8.22
8.28
8.02
7.98
7.98
8.05
8.08
7.94
7.92
7.98
7.93
7.87
7.79
7.76
7.7
7.72
7.65
7.79
7.89
7.81
7.74
7.81
7.92
8.0
8.03
8.0
8.04
7.95
8.13
8.12
8.28
8.38
8.36
8.33
8.39
8.36
8.3
8.47
8.37
8.17
8.21
8.02
8.04
8.14
8.23
8.15
8.09
8.01
7.91
7.96
8.0
8.09
8.14
8.12
8.15
8.12
8.15
8.04
8.07
8.08
8.13
8.04
8.0
7.86
7.83
7.87
7.86
7.95
8.0
7.94
7.91
7.93
7.88
7.66
7.75
7.77
7.79
7.86
7.84
7.97
7.96
8.01
8.05
7.99
7.99
8.04
8.09
8.04
8.03
7.78
7.73
7.65
7.72
7.67
7.56
7.47
7.29
7.31
7.32
7.42
7.35
7.32
7.25
7.29
7.26
7.3
7.44
7.45
7.39
7.32
7.25
7.28
7.29
7.35
7.26
7.15
7.14
7.24
7.24
7.26
7.3
7.28
7.36
7.34
7.34
7.28
7.22
7.13
7.15
7.23
7.27
7.27
7.19
7.14
7.13
7.18
7.18
7.21
7.27
7.26
7.29
7.31
7.21
7.3
7.27
7.28
7.16
7.17
7.17
7.21
7.3
7.27
7.16
7.22
7.27
7.19
7.21
7.23
7.3
7.22
7.19
7.15
7.24
7.23
7.28
7.28
7.32
7.21
7.24
7.24
7.39
7.3
7.25
7.24
7.24
7.3
7.26
7.35
7.34
7.27
7.26
7.3
7.25
7.18
7.25
7.25
7.27
7.35
7.36
7.3
7.25
7.3
7.4
7.39
7.51
7.4
7.34
7.33
7.29
7.27
7.27
7.31
7.21
7.31
7.22
7.26
7.23
7.38
7.41
7.41
7.34
7.4
7.41
7.46
7.45
7.47
7.42
7.42
7.35
7.39
7.42
7.42
7.51
7.58
7.62
7.58
7.42
7.35
7.41
7.48
7.53
7.54
7.47
7.49
7.44
7.5
7.51
7.54
7.6
7.68
7.58
7.6
7.46
7.52
7.55
7.37
7.33
7.3
7.43
7.46
7.33
7.34
7.32
7.34
7.3
7.31
7.39
7.36
7.28
7.23
7.29
7.33
7.38
7.37
7.3
7.27
7.24
7.28
7.34
7.27
7.35
7.42
7.46
7.4
7.33
7.34
7.33
7.28
7.22
7.29
7.32
7.34
7.27
7.35
7.3
7.19
7.35
7.29
7.36
7.26
7.19
7.18
7.27
7.28
7.31
7.17
7.16
7.19
7.2
7.26
7.29
7.25
7.32
7.22
7.28
7.29
7.33
7.33
7.28
7.21
7.24
7.31
7.23
7.24
7.09
7.14
7.19
7.3
7.23
7.29
7.28
7.32
7.27
7.3
7.35
7.36
7.3
7.32
7.21
7.16
7.16
7.17
7.19
7.17
7.23
7.26
7.21
7.21
7.27
7.36
7.31
7.25
7.25
7.31
7.27
7.36
7.28
7.3
7.29
7.21
7.22
7.21
7.24
7.29
7.35
7.28
7.28
7.23
7.27
7.29
7.3
7.33
7.29
7.31
7.28
7.17
7.15
7.15
7.2
7.2
7.19
7.21
7.23
7.23
7.14
7.16
7.2
7.22
7.27
7.23
7.26
7.23
7.36
7.29
7.27
7.29
7.29
7.31
7.26
7.27
7.16
7.16
7.25
7.27
7.37
7.39
7.29
7.32
7.22
7.21
7.22
7.27
7.25
7.15
7.2
7.21
7.26
7.27
7.29
7.22
7.23
7.28
7.25
7.26
7.41
7.35
7.27
7.24
7.28
7.33
7.39
7.38
7.46
7.36
7.33
7.33
