0.45
0.5
0.6
0.62
0.66
0.57
0.55
0.5
0.67
0.73
0.76
0.82
0.88
0.99
1.14
1.08
1.01
1.07
1.1
1.05
1.05
0.98
0.96
1.08
1.15
1.07
1.15
1.34
1.47
1.51
1.65
1.61
1.49
1.59
1.58
1.61
1.64
1.68
1.79
1.76
1.7
1.69
1.61
1.68
1.82
1.85
1.79
1.88
1.86
1.8
1.88
1.8
1.93
1.8
1.65
1.77
1.8
1.82
1.82
1.91
1.96
1.84
1.84
1.9
1.94
1.96
1.97
2.04
2.12
2.05
2.02
1.96
1.86
1.93
1.92
1.84
1.64
1.65
1.71
1.76
1.85
1.75
1.74
1.77
1.71
1.65
1.63
1.65
1.55
1.57
1.54
1.66
1.67
1.63
1.61
1.67
1.77
1.81
1.87
1.85
1.91
1.84
1.97
1.98
2.1
2.25
2.26
2.18
2.22
2.21
2.14
2.28
2.22
2.02
2.04
1.91
1.99
2.07
2.11
2.02
1.88
1.85
1.78
1.74
1.84
1.94
2.0
1.99
1.99
1.94
1.95
1.87
1.87
1.87
1.89
1.8
1.75
1.67
1.65
1.65
1.69
1.77
1.86
1.82
1.79
1.85
1.83
1.57
1.65
1.61
1.64
1.69
1.66
1.77
1.81
1.82
1.82
1.83
1.77
1.78
1.86
1.81
1.77
1.64
1.59
1.5
1.56
1.54
1.43
1.4
1.23
1.22
1.19
1.26
1.19
1.16
1.12
1.15
1.08
1.12
1.16
1.2
1.2
1.21
1.14
1.14
1.17
1.13
1.11
1.05
1.08
1.15
1.12
1.17
1.19
1.1
1.15
1.17
1.21
1.16
1.12
1.06
1.08
1.14
1.15
1.08
1.11
1.12
1.07
1.09
1.12
1.16
1.18
1.15
1.14
1.2
1.12
1.17
1.14
1.12
1.08
1.05
1.05
1.05
1.08
1.06
1.04
1.06
1.12
1.1
1.09
1.09
1.08
1.06
1.04
1.03
1.12
1.08
1.13
1.14
1.13
1.06
1.06
1.11
1.18
1.17
1.16
1.14
1.15
1.14
1.12
1.13
1.13
0.96
1.0
1.01
1.06
1.04
1.06
1.05
1.04
1.08
1.1
1.1
1.04
1.11
1.16
1.06
1.13
1.1
1.1
1.08
1.07
1.08
1.11
1.09
1.06
1.1
1.02
1.04
1.07
1.08
1.02
1.06
1.02
1.04
1.01
1.07
1.08
1.05
1.02
1.02
1.06
1.05
1.09
1.12
1.15
1.18
1.2
1.22
1.16
1.12
1.1
1.04
1.12
1.06
1.09
1.08
1.03
1.05
1.07
1.08
1.12
1.11
1.02
1.06
1.04
1.11
1.06
1.04
1.09
1.15
1.19
1.19
1.1
1.16
1.17
1.12
1.15
1.17
1.21
1.23
1.2
1.13
1.16
1.14
1.19
1.23
1.13
1.08
1.07
1.09
1.11
1.09
1.11
1.16
1.21
1.15
1.13
1.1
1.11
1.09
1.13
1.16
1.15
1.2
1.16
1.21
1.19
1.12
1.21
1.17
1.23
1.15
1.14
1.11
1.2
1.15
1.18
1.04
1.01
1.08
1.1
1.08
1.12
1.11
1.2
1.09
1.13
1.15
1.16
1.14
1.15
1.07
1.05
1.1
1.06
1.1
1.03
1.04
1.09
1.12
1.09
1.16
1.13
1.14
1.11
1.05
1.09
1.1
1.05
1.13
1.11
1.09
1.08
1.08
1.08
1.07
1.07
1.12
1.14
1.18
1.17
1.2
1.16
1.13
1.11
1.08
1.06
1.07
1.09
1.11
1.14
1.13
1.11
1.15
1.14
1.17
1.23
1.12
1.09
1.09
1.07
1.03
1.1
1.08
1.08
1.11
1.07
1.04
1.03
1.03
1.03
1.1
1.12
1.14
1.18
1.13
1.09
1.06
1.1
1.1
1.11
1.1
1.03
1.06
1.15
1.12
1.06
1.06
1.06
1.1
1.13
1.1
1.05
1.04
1.06
1.08
1.11
1.12
1.12
1.15
1.12
1.14
1.12
1.16
1.11
1.05
1.1
1.1
1.11
1.14
1.13
1.04
1.09
1.11
1.11
1.16
1.17
1.05
1.05
1.04
1.08
1.09
1.13
1.18
1.24
1.13
1.17
1.06
