1
4
5
10
14
0
2
7
10
0
0
2
3
0
0
0
5
11
0
1
4
0
0
3
6
12
1
4
0
2
5
0
0
1
0
0
2
5
0
0
0
4
0
0
1
1
2
0
0
0
0
0
3
6
0
6
0
0
3
13
16
23
29
37
44
0
0
0
0
0
13
32
44
47
49
50
50
0
37
50
50
50
50
50
0
0
31
0
0
30
49
0
27
0
29
0
0
34
50
50
50
0
30
0
0
28
47
0
33
0
30
47
48
45
47
46
47
45
0
31
44
0
0
0
0
26
39
39
42
0
0
0
26
41
40
41
0
34
48
48
49
49
48
0
29
46
47
0
0
21
47
0
27
50
50
49
0
0
0
0
26
0
32
49
0
0
0
0
31
0
33
50
50
0
0
0
34
50
0
0
0
28
50
49
0
0
0
38
0
0
0
0
26
48
49
48
49
48
0
0
0
0
26
50
49
0
0
24
0
22
44
46
0
23
50
0
29
0
30
48
49
0
28
46
50
48
49
0
23
48
0
34
0
0
26
50
0
0
0
24
47
0
20
46
47
50
50
50
50
0
0
33
50
50
50
0
28
0
29
0
0
31
0
23
0
0
29
0
0
33
50
0
26
0
0
26
50
0
25
50
50
49
49
50
0
0
0
0
0
26
50
0
0
0
29
0
0
0
0
17
0
0
18
0
0
21
0
0
0
22
40
0
0
11
41
41
0
0
17
0
19
49
0
0
25
49
0
27
50
0
36
46
0
30
45
44
46
46
45
0
0
0
28
0
23
0
0
0
0
20
0
28
46
0
30
49
48
45
0
0
26
50
0
24
50
0
0
26
0
0
27
0
0
0
0
0
25
50
50
50
50
50
50
0
0
32
50
50
50
50
0
0
0
0
20
0
25
0
37
50
50
0
22
0
0
0
0
0
0
0
31
0
0
31
50
0
32
0
0
25
0
0
31
50
0
0
0
0
0
0
0
36
0
34
50
50
50
0
30
50
0
31
50
50
50
50
0
25
50
50
0
0
0
31
0
30
50
0
29
50
0
25
0
30
0
0
30
50
50
49
0
0
0
0
37
0
0
28
50
0
23
0
29
50
0
0
35
50
0
0
23
49
0
24
50
50
50
0
27
0
